3.60365
3.60365
3.60365
3.60365
3.60365
3.60365
3.60365
3.60365
3.60365
3.60365
3.60365
3.60365
3.60365
3.60365
3.60365
3.60365
3.60365
3.60365
3.60365
3.60365
3.60365
3.60365
3.60365
3.60365
3.60365
3.60365
3.60365
3.60365
3.60365
3.7647
3.92833
3.92833
3.92833
3.92833
3.92833
3.92833
3.92833
3.92833
3.92833
3.92833
3.92833
3.92833
3.92833
3.92833
3.92833
3.92833
3.92833
3.92833
3.92833
3.92833
3.92833
3.92833
3.92833
3.92833
3.92833
3.92833
3.92833
3.92833
3.92833
3.9806
4.00739
4.00739
4.00739
4.00739
4.00739
4.00739
4.00739
4.00739
4.00739
4.00739
4.00739
4.00739
4.00739
4.00739
4.00739
4.00739
4.00739
4.00739
4.00739
4.00739
4.00739
4.00739
4.00739
4.00739
4.00739
4.00739
4.00739
4.00739
4.00739
4.00739
4.00739
3.69847
3.69847
3.69847
3.69847
3.69847
3.69847
3.69847
3.69847
3.69847
3.69847
3.69847
3.69847
3.69847
3.69847
3.69847
3.69847
3.69847
3.69847
3.69847
3.69847
3.69847
3.69847
3.69847
3.69847
3.69847
3.69847
3.69847
3.69847
3.69847
3.69847
3.69847
3.8205
3.8205
3.8205
3.8205
3.8205
3.8205
3.8205
3.8205
3.8205
3.8205
3.8205
3.8205
3.8205
3.8205
3.8205
3.8205
3.8205
3.8205
3.8205
3.8205
3.8205
3.8205
3.8205
3.8205
3.8205
3.8205
3.8205
3.8205
3.74616
3.715
3.715
3.715
3.715
3.715
3.715
3.715
3.715
3.715
3.715
3.715
3.715
3.715
3.715
3.715
3.715
3.715
3.715
3.715
3.715
3.715
3.715
3.715
3.715
3.715
3.715
3.715
3.715
3.715
3.715
4.0765
4.19027
4.19027
4.19027
4.19027
4.19027
4.19027
4.19027
4.19027
4.19027
4.19027
4.19027
4.19027
4.19027
4.19027
4.19027
4.19027
4.19027
4.19027
4.19027
4.19027
4.19027
4.19027
4.19027
4.19027
4.19027
4.19027
4.19027
4.19027
4.19027
4.21738
4.20932
4.20932
4.20932
4.20932
4.20932
4.20932
4.20932
4.20932
4.20932
4.20932
4.20932
4.20932
4.20932
4.20932
4.20932
4.20932
4.20932
4.20932
4.20932
4.20932
4.20932
4.20932
4.20932
4.20932
4.20932
4.20932
4.20932
4.20932
4.20932
4.20932
4.46731
4.5564
4.5564
4.5564
4.5564
4.5564
4.5564
4.5564
4.5564
4.5564
4.5564
4.5564
4.5564
4.5564
4.5564
4.5564
4.5564
4.5564
4.5564
4.5564
4.5564
4.5564
4.5564
4.5564
4.5564
4.5564
4.5564
4.5564
4.5564
4.5564
4.5827
4.58914
4.58914
4.58914
4.58914
4.58914
4.58914
4.58914
4.58914
4.58914
4.58914
4.58914
4.58914
4.58914
4.58914
4.58914
4.58914
4.58914
4.58914
4.58914
4.58914
4.58914
4.58914
4.58914
4.58914
4.58914
4.58914
4.58914
4.58914
4.58914
4.58914
4.44899
4.4121
4.4121
4.4121
4.4121
4.4121
4.4121
4.4121
4.4121
4.4121
4.4121
4.4121
4.4121
4.4121
4.4121
4.4121
4.4121
4.4121
4.4121
4.4121
4.4121
4.4121
4.4121
4.4121
4.4121
4.4121
4.4121
4.4121
4.4121
4.4121
4.4121
3.94695
3.80776
3.80776
3.80776
3.80776
3.80776
3.80776
3.80776
3.80776
3.80776
3.80776
3.80776
3.80776
3.80776
3.80776
3.80776
3.80776
3.80776
3.80776
3.80776
3.80776
3.80776
3.80776
3.80776
3.80776
3.80776
3.80776
3.80776
3.80776
3.80776
3.70204
3.60365
